447
638
5636
6292
8641
16330
16779
19036
20208
31487
32876
34086
34317
36147
39034
58955
69135
71893
75299
81353
82817
84968
87764
91694
93115
101639
102452
107689
118035
118959
123550
143075
157330
158321
165283
167209
167708
169249
175537
180339
191622
199180
200617
201997
203195
217899
228931
241628
278013
287215
289492
303489
303897
304904
326263
335406
339369
347983
351108
353885
354741
357005
368799
417981
422802
425354
427866
437005
472846
486199
502805
524268
529003
529649
541748
546087
574938
580474
588167
592849
592876
605072
608417
610615
610962
627831
629710
631446
631802
641278
679122
681004
687198
699403
731722
749381
754494
757752
819426
822436
858965
873530
887072
982322
984691
997543
1001112
1023752
1061229
1069318
1111035
1153271
1174810
1183303
1191859
1215623
1216657
1222539
1241736
1246619
1250775
1291396
1311761
1312525
1319905
1332980
1365692
1387206
1404919
1409287
1441126
1443459
1481027
1482768
1572058
1618946
1634990
1663259
1699155
1699466
1771234
1855930
1858154
1876617
1897147
1903556
1916245
1922770
1957293
1982341
2037002
2146203
2147649
2176611
2212422
2242427
2258953
2379774
2430469
2439413
2440581
2544204
2548365
2576152
2590830
2597803
2626481
2770647
2990492
3036816
3073833
3086255
3105057
3392199
3413119
3477497
3808928
3831860
3958212
4158274
4296804
4340859
4368690
4519234
4599384
4763746
4805746
4908217
5024958
5220438
5394722
5493775
5515707
5525217
5682183
5741401
5741620
6067895
6204883
6375438
6402559
6652840
6874204
6884440
7249506
7258858
7301807
7414843
7545665
7551358
7573215
7716744
7753506
8263431
8378365
8889722
9051309
9413924
9423014
9425955
9636071
9799623
9802104
9850776
9853194
9866621
10221570
11016164
11351304
11414454
11909469
11947756
12159013
12712927
12898828
13000278
13031455
13085980
13259982
13279982
13378502
13504599
13547699
13689192
14816024
15069839
15093162
15371828
15645854
15657735
16374374
17091659
17859309
18549627
19290397
19472270
19897088
20026143
20029431
20063502
20214715
20448408
21160136
22586596
23038812
23097564
23580910
24878306
26020062
26231126
27586264
28444296
28556218
28863828
30090366
31056089
32581276
33503784
34152449
34919100
36695359
36842980
39909293
40049608
40352765
41830259
41838844
41924494
42220376
43479487
43796009
44244245
44584960
44864956
44906333
45048741
45292658
46590321
47071325
48104179
51886259
51969817
55679162
56650223
59375051
60272884
61860346
63376671
66133083
67663538
68550871